
像点残差：
vx:-0.001300  vy:0.003352
vx:-0.006529  vy:-0.002673
vx:0.001402  vy:-0.000467
vx:0.006290  vy:-0.000973
   
单位权中误差m0=0.007259
          
Xs=39795.452288  m=1.107388  单位：m
Ys=27476.462244  m=1.249519  单位：m
Zs=7572.685914   m=0.488128  单位：m
omega=0.002114    m=0.000161  单位：弧度
phi=-0.003987  m=0.000179  单位：弧度
kappa=-0.067578    m=0.000072  单位：弧度
omega=0.121118    m=0.000161  单位：度
phi=-0.228434  m=0.000179  单位：度
kappa=-3.871933    m=0.000072  单位：度
